33
94
388
671
955
1253
1533
1826
2060
2419
2715
3015
3292
3577
3881
4180
4481
4780
5079
5363
5651
5935
6230
6542
6833
7115
7409
7685
7970
8247
8548
8853
9159
9449
9719
10008
10300
10608
10906
11209
11498
11798
12074
12366
12662
12967
13275
13563
13854
14132
14440
14726
15026
15324
15623
15918
16196
16482
16765
17074
17367
17658
17956
18241
18531
18809
19098
19403
19711
19998
20281
20571
20852
21147
21436
21738
22046
22337
22620
22889
23180
23474
23766
24054
24362
24635
24931
25206
25500
25792
26098
26402
26680
26962
27248
27553
27847
28142
28432
28736
29024
29303
29598
29885
30198
30503
30788
31082
31357
31646
31943
32241
32531
32846
33145
33412
33709
33989
34275
34585
34887
35183
35473
35754
36033
36327
36620
36917
37230
37517
37801
38080
38365
38668
38968
39261
39557
39840
40105
40391
40687
40971
41281
41576
41860
42133
42417
42715
43010
43316
43620
43908
44189
44474
44752
45046
45337
45644
45942
46213
46489
46768
47048
47352
47642
47937
48212
48495
48781
49057
49335
49634
49939
50224
50501
50780
51072
51349
51636
51930
52225
52522
52801
53071
53349
53648
53938
54237
54524
54796
55073
55352
55643
55918
56218
56518
56786
57056
57351
57624
57919
58193
58508
58797
59092
59364
59650
59929
60215
60529
60834
61115
61408
61696
61978
62260
62561
62869
63156
63455
63728
64014
64297
64598
64885
65183
65473
65770
66048
66324
66614
66808
67140
67452
67742
68024
68319
68604
68903
69208
69521
69813
70094
70358
70660
70956
71258
71556
71862
72147
72418
72715
73006
73316
73621
73921
74212
74501
74784
75003
75341
75642
75952
76243
76516
76795
77092
77368
77672
77972
78260
78548
78842
79117
79402
79690
80006
80307
80584
80877
81169
81456
81748
82041
82352
82654
82942
83218
83502
83813
84112
84423
84719
85026
85312
85596
85880
86181
86493
86798
87097
87373
87653
87960
88248
88541
88848
89137
89430
89720
89997
90302
90600
90900
91204
91495
91777
92065
92346
92649
92959
93261
93535
93825
94119
94412
94702
95013
95313
95615
95894
96186
96467
96764
97060
97349
97658
97951
98229
98525
98806
99101
99391
99595
99949
100227
100512
100797
101080
101362
101669
101957
102252
102533
102794
103092
103372
103683
103973
104278
104563
104845
105127
105416
105717
106032
106332
106619
106898
107160
107455
107768
108062
108354
108652
108943
109218
109504
109790
110092
110390
110682
110972
111261
111542
111826
112123
112420
112726
113009
113290
113572
113866
114159
114438
114731
115014
115289
115563
115824
116093
116379
116664
116949
117223
117502
117774
118052
118324
118608
118926
119225
119518
119800
120085
120386
120686
121000
121310
121621
121898
122180
122462
122767
123060
123375
123673
123945
124231
124517
124784
125069
125368
125657
125934
126213
126485
126755
127034
127323
127612
127894
128101
128424
128714
128975
129241
129535
129807
130071
130336
130569
130828
131091
131337
131594
131853
132140
132390
132647
132892
133140
133399
133680
133943
134206
134473
134754
135007
135259
135516
135792
136077
136360
136631
136908
137182
137457
137738
138017
138319
138600
138897
139180
139457
139728
140018
140315
140614
140891
141161
141433
141685
141952
142216
142490
142756
143020
143274
143533
143775
144034
144295
144567
144842
145121
145391
145656
145923
146178
146461
146746
147022
147301
147576
147842
148100
148380
148648
148926
149216
149504
149778
150039
150312
150585
150858
151131
151416
151701
151983
152246
152520
152790
153076
153372
153653
153931
154202
154480
154750
155017
155300
155598
155877
156142
156403
156656
156915
157179
157440
157704
157961
158250
158498
158738
158991
159243
159489
159747
160018
160269
160515
160766
161006
161262
161509
161774
162051
162319
162582
162844
163103
163375
163638
163908
164183
164470
164749
165001
165247
165507
165765
166049
166310
166579
166851
167120
167379
167650
167913
168200
168495
168795
169083
169358
169638
169920
170211
170504
170728
171090
171390
171662
171930
172208
172494
172791
173068
173369
173641
173916
174185
174462
174752
175034
175332
175617
175886
176155
176437
176711
176985
177266
177532
177807
178073
178325
178587
178857
179127
179397
179679
179936
180191
180453
180714
180981
181252
181541
181820
182093
182355
182625
182913
183190
183485
183780
184089
184372
184665
184950
185222
185520
185842
186148
186436
186726
187014
187300
187594
187888
188191
188491
188772
189044
189339
189634
189938
190237
190538
190830
191121
191411
191683
191986
192291
192584
192871
193154
193424
193712
194003
194289
194585
194885
195157
195428
195710
195996
196278
196569
196856
197142
197424
197693
197959
198242
198522
198802
199093
199362
199627
199913
200178
200452
200724
201002
201282
201554
201815
202076
202349
202624
202910
203198
203478
203750
204037
204309
204591
204863
205174
205460
205746
206027
206297
206583
206862
207139
207430
207735
208015
208286
208557
208839
209109
209401
209692
209988
210257
210542
210826
211094
211373
211669
211966
212237
212512
212796
213072
213336
213616
213904
214199
214474
214746
215015
215298
215572
215860
216151
216447
216719
216999
217277
217548
217835
218132
218418
218705
218981
219256
219547
219822
220108
220401
220703
220986
221261
221543
221813
222091
222390
222667
222961
223238
223516
223803
224055
224330
224632
224930
225204
225481
225744
226033
226305
226586
226877
227157
227444
227721
227996
228247
228529
228817
229105
229385
229668
229945
230223
230494
230770
231074
231367
231647
231922
232199
232468
232743
233030
233311
233598
233884
234160
234424
234694
234968
235259
235556
235837
236117
236402
236666
236936
237219
237510
237793
238079
238352
238622
238893
239166
239442
239733
240014
240284
240550
240826
241073
241327
241606
241873
242123
242383
242649
242900
243141
243405
243655
243918
244201
244479
244738
244993
245265
245532
245808
246083
246360
246664
246944
247211
247483
247751
248035
248301
248603
248896
249175
249443
249724
250005
250289
250571
250876
251177
251450
251728
252010
252303
252586
252886
253180
253470
253750
254018
254300
254601
254909
255188
255470
255755
256045
256314
256590
256878
257159
257449
257718
257983
258235
258487
258746
259018
259296
259550
259821
260094
260343
260594
260862
261150
261433
261701
261969
262259
262525
262797
263073
263361
263650
263940
264226
264517
264790
265071
265363
265653
265962
266248
266538
266836
267108
267385
267689
267994
268275
268554
268839
269111
269395
269679
269977
270272
270563
270831
271103
271379
271668
271970
272253
272534
272852
273132
273403
273692
273983
274279
274570
274868
275141
275422
275689
275962
276254
276533
276823
277116
277405
277668
277940
278228
278535
278832
279116
279400
279577
279936
280227
280529
280833
281111
281420
281700
281971
282234
282531
282819
283112
283405
283689
283961
284235
284502
284788
285082
285381
285671
285955
286219
286495
286781
287067
287370
287673
287953
288234
288524
288794
289094
289389
289683
289989
290274
290558
290831
291127
291409
291709
292006
292300
292585
292853
293141
293430
293729
294027
294308
294600
294875
295160
295433
295735
296031
296329
296628
296909
297187
297468
297755
298049
298352
298645
298938
299223
299501
299774
300067
300370
300679
300957
301228
301504
301797
302080
302365
302658
302965
303257
303520
303790
304075
304363
304657
304940
305212
305513
305710
306053
306353
306652
306960
307252
307531
307753
308076
308368
308643
308921
309229
309532
309798
310070
310341
310628
310932
311212
311504
311800
312079
312346
312614
312843
313195
313526
313826
314099
314391
314682
314953
315261
315559
315861
316154
316432
316710
316997
317284
317577
317798
318162
318455
318730
319030
319240
319605
319922
320223
320511
320787
321090
321381
321679
321969
322293
322581
322873
323155
323442
323748
324057
324359
324650
324948
325224
325513
325800
326106
326397
326714
326996
327294
327584
327876
328165
328469
328771
329074
329355
329637
329931
330234
330534
330835
331133
331430
331722
331999
332295
332606
332914
333216
333496
333769
334065
334364
334659
334960
335266
335552
335840
336108
336394
336696
336998
337298
337580
337880
338163
338441
338738
339043
339328
339652
339944
340222
340509
340798
341093
341397
341694
341991
342267
342565
342838
343127
343427
343723
344012
344297
344573
344861
345138
345432
345733
346035
346326
346615
346821
347166
347471
347775
348064
348384
348676
348951
349230
349519
349815
350130
350427
350702
350981
351283
351501
351833
352129
352434
352728
352995
353276
353565
353850
354143
354444
354734
355034
355319
355595
355859
356183
356473
356773
357066
357345
357629
357919
358187
358484
358806
359104
359373
359643
359911
360191
360489
360782
361063
361361
361643
361911
362179
362468
362750
363044
363335
363623
363896
364176
364465
364746
365040
365344
365656
365931
366208
366499
366795
367084
367379
367692
367977
368256
368548
368842
369111
369428
369731
370028
370297
370558
370859
371149
371423
371719
372022
372317
372575
372852
373140
373446
373722
374018
374321
374613
374873
375144
375430
375733
376015
376305
376594
376878
377099
377423
377718
378023
378326
378609
378903
379176
379458
379748
380036
380331
380628
380916
381189
381470
381726
382016
382324
382625
382914
383201
383467
383761
384045
384334
384630
384933
385214
385505
385785
386069
386350
386667
386957
387251
387534
387829
388106
388374
388673
388994
389290
389582
389877
390158
390443
390748
391048
391361
391650
391942
392222
392509
392796
393095
393395
393690
393974
394252
394528
394802
395114
395418
395706
395998
396284
396570
396854
397150
397352
397721
398025
398311
398586
398871
399158
399447
399747
400042
400333
400609
400895
401182
401471
401775
402077
402378
402664
402934
403233
403526
403806
404114
404421
404698
404998
405272
405561
405853
406146
406444
406730
407023
407305
407577
407867
408169
408462
408755
409048
409331
409615
409890
410195
410478
410798
411081
411370
411650
411932
412224
412529
412833
413110
413420
413710
413970
414264
414551
414865
415161
415448
415723
416012
416293
416576
416866
417162
417463
417746
418023
418285
418594
418882
419157
419472
419758
420038
420319
420601
420883
421174
421490
421783
422013
422337
422620
422838
423182
423477
423778
424081
424357
424617
424909
425205
425493
425805
426079
426398
426679
426955
427240
427541
427845
428145
428428
428716
429008
429293
429576
429882
430184
430484
430771
431036
431333
431631
431926
432210
432527
432816
433098
433373
433666
433851
434223
434531
434829
435113
435387
435676
435970
436166
436514
436837
437135
437416
437698
437966
438286
438587
438881
439176
439473
439757
440032
440314
440640
440950
441246
441532
441833
442127
442423
442639
443010
443320
443622
443906
444193
444491
444722
445079
445380
445676
445965
446235
446508
446801
447121
447416
447712
447998
448282
448565
448852
449155
449455
449749
450056
450344
450624
450910
451209
451519
451824
452117
452407
452696
452976
453267
453560
453853
454171
454463
454661
454998
455312
455604
455903
456202
456504
456786
457058
457351
457652
457953
458185
458542
458834
459120
459397
459676
459984
460293
460585
460868
461157
461452
461738
462031
462316
462639
462934
463199
463496
463782
464065
464379
464678
464977
465266
465556
465836
466122
466421
466726
467028
467326
467606
467892
468180
468477
468780
469076
469380
469679
469961
470245
470547
470855
471157
471453
471743
472037
472305
472610
472904
473220
473516
473801
474091
474380
474669
474960
475254
475565
475867
476145
476434
476707
477016
477324
477621
477916
478213
478497
478775
479041
479333
479648
479947
480236
480512
480797
481076
481357
481659
481957
482256
482526
482810
483080
483368
483651
483948
484222
484516
484803
485091
485369
485658
485953
486271
486566
486862
487137
487425
487735
488020
488338
488645
488949
489231
489514
489807
490106
490409
490713
491012
491288
491571
491867
492163
492446
492768
493063
493358
493641
493929
494217
494508
494807
495103
495381
495650
495943
496219
496512
496729
497092
497394
497680
497963
498247
498535
498813
499133
499427
499720
500005
500284
500550
500849
501163
501458
501763
502048
502334
502620
502903
503208
503514
503811
504097
504375
504673
504937
505244
505544
505848
506141
506399
506697
506986
507274
507569
507871
508177
508473
508759
509028
509337
509636
509940
510237
510529
510823
511111
511380
511678
511988
512295
512577
512868
513144
513433
513721
514033
514336
514646
514936
515206
515493
515781
516082
516386
516684
516988
517284
517562
517850
518129
518445
518752
519046
519324
519612
519891
520159
520464
520784
520998
521343
521647
521914
522227
522529
522833
523134
523425
523717
524015
524297
524595
524908
525213
525513
525797
526081
526374
526656
526942
527261
527567
527858
528136
528420
528707
529008
529310
529617
529913
530208
530488
530764
531075
531370
531684
531984
532277
532562
532829
533139
533434
533737
534030
534325
534609
534890
535178
535477
535785
536085
536382
536659
536947
537229
537523
537822
538132
538440
538725
539010
539299
539593
539891
540188
540473
540786
541070
541352
541633
541933
542244
542547
542842
543133
543426
543690
544003
544298
544607
544913
545191
545473
545750
546040
546323
546617
546793
547217
547501
547777
548050
548352
548650
548927
549219
549519
549802
550088
550365
550657
550969
551263
551551
551828
552114
552404
552698
552992
553300
553607
553885
554168
554457
554741
555043
555340
555632
555932
556221
556494
556782
557075
557379
557685
557972
558255
558544
558831
559120
559406
559713
560015
560313
560591
560865
561159
561451
561749
562037
562326
562610
562830
563159
563441
563748
564048
564337
564618
564891
565182
565469
565758
566042
566278
566633
566917
567193
567397
567739
568028
568336
568642
568936
569222
569497
569772
570077
570375
570687
570974
571265
571551
571845
572137
572446
572748
573049
573343
573616
573911
574209
574447
574803
575113
575405
575679
575976
576266
576569
576881
577178
577465
577759
578042
578329
578617
578919
579218
579449
579809
580076
580366
580665
580964
581266
581560
581852
582138
582411
582670
582921
583240
583548
583831
584106
584372
584643
584912
585185
585464
585742
586020
586284
586533
586790
587049
587308
587581
587852
588114
588386
588662
588914
589194
589471
589756
590051
590334
590596
590879
591152
591435
591717
592017
592298
592581
592866
593076
593396
593697
594000
594292
594572
594873
595136
595403
595705
596010
596287
596601
596889
597145
597411
597688
597942
598203
598475
598731
598986
599230
599487
599712
599954
600224
600492
600740
601020
601282
601546
601808
602073
602339
602627
602902
603187
603464
603739
603998
604292
604582
604862
605158
605477
605738
606028
606308
606589
606898
607180
607491
607768
608052
608318
608577
608865
609146
609440
609724
609996
610263
610554
610841
611110
611417
611713
612002
612273
612557
612837
613123
613417
613711
614001
614276
614556
614834
615107
615386
615694
615986
616251
616544
616804
617103
617377
617673
617967
618264
618547
618820
619099
619380
619670
619969
620267
620557
620838
621111
621396
621662
621962
622264
622550
622844
623107
623384
623647
623936
624208
624500
624783
625050
625326
625594
625871
626155
626437
626733
627001
627297
627572
627836
628120
628404
628705
628982
629187
629512
629770
630045
630298
630579
630854
631119
631388
631644
631916
632166
632424
632701
632976
633230
633515
633784
634037
634292
634563
634840
635122
635410
635701
635983
636240
636529
636828
637122
637416
637722
638013
638300
638579
638863
639156
639464
639762
640057
640346
640633
640918
641194
641490
641786
642075
642338
642623
642905
643185
643456
643739
644014
644296
644563
644816
645072
645338
645591
645873
646142
646403
646676
646934
647176
647423
647688
647946
648214
648487
648734
648986
649241
649493
649743
